4294967279,569
4294967278,400
4294967279,206
4294967278,204
4294967278,203
4294967279,203
4294967279,202
4294967278,259
4294967278,198
4294967278,197
4294967279,196
4294967278,355
4294967279,355
4294967279,190
4294967278,189
4294967278,188
4294967279,187
4294967278,132
4294967278,131
4294967278,130
4294967278,129
4294967278,128
4294967278,326
4294967278,127
4294967278,126
4294967278,125
4294967278,124
4294967278,123
4294967278,122
4294967278,119
4294967278,118
4294967278,117
4294967278,116
4294967278,115
4294967278,111
4294967278,105
4294967278,104
4294967278,101
4294967278,99
4294967278,98
4294967278,96
4294967278,95
4294967278,90
4294967278,86
4294967278,85
4294967278,84
4294967278,81
4294967278,80
4294967278,79
4294967278,229
4294967278,72
4294967278,327
4294967278,71
4294967278,70
4294967278,69
4294967278,62
4294967278,61
4294967278,60
4294967278,59
4294967278,58
4294967278,57
4294967278,54
4294967278,52
4294967278,51
4294967278,47
4294967278,413
4294967278,296
4294967278,322
4294967279,85
4294967279,84
4294967279,83
4294967279,82
4294967279,81
4294967279,79
4294967279,74
4294967279,73
4294967279,72
4294967279,71
4294967279,70
4294967279,69
4294967279,68
4294967279,65
4294967279,63
4294967279,62
4294967279,246
4294967279,61
4294967279,276
4294967279,60
4294967279,59
4294967279,273
4294967279,54
4294967279,52
4294967279,269
4294967279,554
4294967279,47
4294967279,46
4294967279,45
4294967279,44
4294967279,40
4294967279,348
4294967279,38
4294967279,37
4294967279,268
4294967279,36
4294967279,35
4294967279,34
4294967279,346
4294967279,29
4294967279,27
4294967279,26
4294967279,25
4294967279,24
4294967279,23
4294967279,22
4294967279,19
4294967279,17
4294967279,16
4294967279,15
4294967279,14
4294967279,13
4294967279,12
4294967279,11
4294967279,8
4294967279,5
4294967279,175
4294967279,150
4294967279,147
4294967279,143
4294967279,142
4294967279,141
4294967279,139
4294967279,138
4294967279,272
4294967278,135
4294967279,134
4294967279,133
4294967278,288
4294967279,279
4294967279,282
4294967278,270
4294967278,265
4294967279,10
4294967279,258
4294967279,257
4294967278,285
4294967279,256
4294967278,262
4294967278,278
4294967279,253
4294967278,257
4294967279,533
4294967278,371
4294967278,370
4294967279,529
4294967278,120
4294967278,235
4294967278,232
4294967278,109
4294967278,266
4294967294,966
4294967294,965
4294967294,964
4294967294,962
4294967294,961
4294967294,960
4294967294,917
4294967294,915
4294967294,914
4294967294,912
4294967294,911
4294967294,910
4294967294,909
4294967294,907
4294967294,902
4294967294,899
4294967294,898
4294967294,421
4294967294,190
4294967294,170
4294967294,163
4294967294,162
4294967278,354
4294967278,107
4294967279,330
4294967278,106
4294967278,313
4294967279,356
4294967279,565
410,7
4294967279,555
4294967278,94
4294967278,353
4294967279,297
4294967278,318
4294967279,214
4294967278,409
4294967278,385
4294967279,210
4294967278,97
4294967279,209
410,6
410,5
4294967279,208
410,4
410,3
410,2
410,1
4294967278,93
4294967278,336
4294967278,83
4294967278,399
4294967279,295
4294967278,92
4294967279,320
4294967278,272
4294967278,199
4294967279,199
4294967279,198
4294967279,197
4294967279,294
4294967279,80
4294967278,78
4294967278,330
4294967278,422
4294967279,78
4294967278,352
4294967279,77
4294967279,259
4294967278,351
4294967278,76
4294967279,189
4294967279,75
4294967278,187
4294967278,186
407,7
407,6
407,5
4294967279,183
407,4
407,3
407,2
407,1
4294967278,67
4294967279,67
4294967278,349
4294967279,304
4294967278,65
4294967278,405
4294967279,64
4294967279,302
4294967278,63
4294967278,421
4294967279,57
4294967279,520
4294967278,56
4294967279,56
4294967278,55
4294967278,306
4294967279,55
4294967278,53
4294967279,53
4294967279,160
4294967279,161
4294967294,1413
4294967294,963
4294967294,161
4294967294,918
4294967294,901
4294967294,916
4294967279,43
4294967279,545
4294967279,33
4294967279,42
4294967279,293
4294967279,292
4294967279,41
4294967279,39
4294967279,149
403,7
403,6
403,5
403,4
403,3
403,2
403,1
4294967279,32
4294967278,260
4294967279,291
4294967279,31
4294967279,290
4294967279,30
4294967278,401
4294967279,28
4294967278,139
4294967279,21
4294967279,20
4294967279,344
4294967279,283
4294967278,287
4294967279,18
4294967278,282
4294967279,9
4294967278,264
4294967279,7
4294967279,6
4294967279,255
4294967294,395
4294967294,399
4294967294,1415
4294967294,179
4294967294,407
4294967294,398
4294967294,444
4294967294,168
4294967294,167
4294967294,415
4294967294,183
4294967294,463
4294967294,110
4294967294,119
4294967294,164
4294967294,967
4294967279,4
4294967279,534
399,5
399,4
399,3
399,2
399,1
4294967278,342
4294967279,528
4294967278,254
4294967278,121
4294967278,299
4294967279,248
4294967279,247
4294967278,246
4294967279,245
4294967278,244
4294967279,243
4294967278,242
397,6
397,5
397,4
4294967279,236
397,3
397,2
397,1
4294967279,552
4294967278,279
4294967279,232
4294967278,231
4294967279,266
4294967278,390
4294967279,225
4294967279,339
4294967278,220
4294967279,379
4294967294,107
4294967278,213
4294967278,212
4294967278,416
4294967294,115
4294967278,211
4294967294,437
4294967294,900
4294967294,185
4294967294,176
4294967278,208
4294967279,378
4294967278,207
4294967279,207
4294967294,387
4294967279,519
4294967279,260
4294967279,368
4294967278,205
4294967279,205
4294967279,327
4294967278,436
4294967279,200
394,7
394,6
394,5
394,4
4294967279,201
394,3
394,2
394,1
4294967279,517
4294967278,200
4294967279,222
4294967279,326
4294967278,196
4294967278,195
4294967278,194
4294967278,331
4294967279,192
4294967278,190
4294967278,419
4294967294,50
4294967294,393
4294967294,114
4294967278,393
4294967279,312
4294967278,396
4294967278,185
